0.0
0.0
5.22
5.22
12.4
12.4
20.48
20.48
28.68
28.68
34.73
34.73
40.8
40.8
48.28
48.28
53.32
53.32
60.90
60.90
67.72
67.72
73.86
73.86
79.41
79.41
87.62
87.62
89.99
89.99
93.41
93.41
98.13
98.13
99.72
99.72
110.49
110.49
117.44
117.44
122.70
122.70
128.30
128.30
138.24
138.24
147.19
147.19
154.29
154.29
159.39
159.39
167.40
167.40
174.28
174.28
182.36
182.36
187.98
187.98
194.55
194.55
201.50
201.50
206.69
206.69
212.63
212.63
217.73
217.73
218.34
218.34
223.39
223.39
228.52
228.52
234.92
234.92
241.3
241.3
246.52
246.52
251.68
251.68
261.65
261.65
271.11
271.11
278.8
278.8
279.12
279.12
285.45
285.45
290.46
290.46
295.86
295.86
303.8
303.8
312.75
312.75
318.9
318.9
326.39
326.39
329.28
329.28
334.94
334.94
340.45
340.45
348.35
348.35
353.78
353.78
361.60
361.60
368.83
368.83
375.74
375.74
380.77
380.77
383.46
383.46
389.8
389.8
396.51
396.51
