5.79
5.79
11.67
11.67
7.87
7.87
5.50
5.50
15.56
15.56
6.88
6.88
5.35
5.35
7.61
7.61
8.89
8.89
5.29
5.29
6.52
6.52
3.2
3.2
3.61
3.61
7.14
7.14
1.38
1.38
6.1
6.1
7.24
7.24
8.11
8.11
2.47
2.47
7.52
7.52
2.93
2.93
7.52
7.52
7.51
7.51
8.19
8.19
0.1
0.1
6.73
6.73
0.1
0.1
5.86
5.86
0.1
0.1
5.91
5.91
0.1
0.1
5.90
5.90
0.1
0.1
7.89
7.89
0.1
0.1
5.29
5.29
0.1
0.1
5.69
5.69
0.1
0.1
5.8
5.8
0.0
0.0
7.75
7.75
6.89
6.89
6.10
6.10
0.34
0.34
6.86
6.86
5.83
5.83
8.65
8.65
5.39
5.39
5.6
5.6
5.73
5.73
5.43
5.43
8.70
8.70
5.48
5.48
8.9
8.9
5.18
5.18
0.38
0.38
5.79
5.79
5.37
5.37
6.34
6.34
5.73
5.73
8.37
8.37
4.8
4.8
6.8
6.8
10.3
10.3
6.76
6.76
6.50
6.50
5.33
5.33
7.84
7.84
6.56
6.56
4.25
4.25
6.78
6.78
5.1
5.1
