156.75
361.43
614.59
860.47
1041.94
1202.57
1448.59
1599.72
1827.28
2031.70
2215.90
2382.51
2628.71
2700.0
2495.26
2400.0
2320.61
1781.91
1816.67
1842.94
1870.95
1920.66
1965.40
2000.90
2026.40
2066.44
2100.85
2141.27
2169.36
2202.22
2236.98
1977.88
1680.75
1650.0
1634.62
1508.48
1380.24
1220.25
1067.36
930.12
801.6
551.93
315.32
141.1
0.0
190.5
340.23
502.20
718.94
1541.4
1994.36
2700.0
2685.55
2657.22
2629.68
2590.18
2563.3
2523.95
2487.76
2453.22
2428.8
2400.0
2428.8
2400.0
2428.8
